date,po4,nh4,no2,no3,no23,chla
2002-04-02,0.004,0.028,0.002,0.047,0.049,1.8
2002-04-30,0.014,0.138,0.005,0.115,0.12,1.2
2002-06-04,0.006,0.049,0.002,0.024,0.026,3.4
2002-07-02,0.0155,0.088,0.002,NA,0.0395,3.35
2002-08-06,0.011,0.04,0.003,0.036,0.039,7.8
2002-09-10,0.026,0.039,0.003,0.013,0.016,0.8
2002-10-08,0.0095,0.0365,0.009,0.0195,0.0285,2.35
2002-11-04,0.0065,0.061,0.0055,0.097,0.1025,3.7
2002-12-02,0.0105,0.061,0.004,0.1095,0.1135,2.35
2003-01-06,0.014,0.237,0.003,0.237,0.24,13.243
2003-02-03,0.004,0.0375,0.002,NA,0.0955,14.952
2003-03-03,0.015,0.0615,0.006,0.129,0.135,7.9035
2003-04-08,0.025,0.159,0.005,0.174,0.179,2.99
2003-05-06,0.0035,0.057,0.007,0.229,0.236,6.0875
2003-06-02,0.0035,0.0565,0.009,0.221,0.23,4.4855
2003-07-08,0.001,0.034,0.002,0.049,0.051,8.117
2003-08-04,0.001,0.035,0.003,0.269,0.272,3.845
2003-09-09,0.0025,0.014,0.005,0.1385,0.1435,8.544
2003-10-07,0.0045,0.1245,0.002,0.0205,0.0225,1.282
2003-11-05,0.0035,0.017,0.002,0.026,0.0285,1.4955
2003-12-08,0.0015,0.004,0.002,0.177,0.179,2.136
2004-01-08,0.001,0.0065,0.002,NA,0.0175,1.05
2004-02-09,0.001,0.005,0.002,0.0785,0.0805,2.6
2004-03-09,0.002,0.0305,0.003,0.284,0.287,1.9
2004-04-05,0.001,0.0205,0.002,0.097,0.101,2.6
2004-05-04,0.007,0.0855,0.0045,0.089,0.0935,3.6
2004-06-07,0.0065,0.0595,0.004,0.0365,0.0405,2.1
2004-07-06,0.001,0.058,0.006,0.061,0.067,4.15
2004-08-02,0.001,0.01,0.002,NA,0.0235,6.1
2004-09-08,0.003,0.0465,0.012,0.1095,0.1215,17.3
2004-10-04,NA,0.048,0.0115,0.043,0.0545,4.3
2004-11-08,0.002,0.018,0.0115,0.181,0.1925,0.65
2004-11-30,0.007,0.0185,0.005,0.038,0.043,0.65
2005-01-04,0.004,0.0275,0.002,0.014,0.0175,1.6
2005-02-07,0.001,0.0185,0.012,0.008,0.018,1.495
2005-03-02,0.001,0.0065,0.021,0.182,0.203,0.74
2005-04-04,0.005,0.0465,0.024,0.245,0.269,1.09
2005-05-02,0.0045,0.0305,0.0095,0.2285,0.238,1.825
2005-06-06,0.0035,0.0215,0.008,0.2805,0.2885,1.705
2005-08-09,0.002,0.0325,0.003,0.142,0.145,1.495
2005-09-08,0.001,0.0825,0.004,NA,0.007,2.56
2005-10-03,0.001,0.041,0.003,0.012,0.011,2.56
2005-11-08,0.002,0.0085,0.002,0.0675,0.0695,1.065
2005-11-29,0.001,0.004,0.002,NA,0.007,1.28
2006-01-03,0.0015,0.017,0.0035,0.288,0.2915,4.74
2006-02-01,0.002,0.0215,0.004,0.3015,0.3055,3.885
2006-03-01,0.0015,0.0355,0.004,0.2475,0.2515,1.96
2006-04-04,0.002,0.083,NA,NA,0.211,4.71
2006-05-02,NA,NA,NA,NA,NA,NA
2006-06-07,NA,NA,NA,NA,NA,NA
2006-07-05,NA,NA,NA,NA,NA,NA
2006-08-08,0.006,0.01,NA,NA,0.007,10.425
2006-09-06,0.002,0.0505,NA,NA,0.02,7.35
2006-10-03,0.0065,0.04,NA,NA,0.0135,2.52
2006-11-01,0.009,0.03,NA,NA,0.0155,1.56
2006-11-28,0.001,0.004,NA,NA,0.007,4.935
2007-01-09,0.0065,0.0465,NA,NA,0.166,4.45
2007-02-05,0.002,0.0095,NA,NA,0.1555,3.05
2007-03-06,0.00233333333333333,0.0276666666666667,NA,NA,0.286,2.9
2007-04-09,0.002,0.033,NA,NA,0.113,3.8
2007-05-08,0.003,0.091,NA,NA,0.01,8.5
2007-06-05,0.009,0.075,NA,NA,0.052,2.9
2007-07-10,0.002,0.059,NA,NA,0.018,6.5
2007-08-07,0.002,0.067,NA,NA,0.182,8
2007-09-10,0.006,0.011,NA,NA,0.002,13.6
2007-10-09,0.006,0.027,NA,NA,0.014,4.2
2007-11-05,0.002,0.016,NA,NA,0.003,4.7
2007-12-04,0.004,0.021,NA,NA,0.012,2.7
2008-01-06,0.003,0.017,NA,NA,0.01,0.4
2008-02-11,0.002,0.0303333333333333,NA,NA,0.137333333333333,3.06666666666667
2008-03-11,0.002,0.064,NA,NA,0.143,6.5
2008-04-21,0.002,0.024,NA,NA,0.178,4.9
2008-05-13,0.002,0.045,NA,NA,0.055,14.5
2008-06-09,0.003,0.048,NA,NA,0.021,7.5
2008-07-08,0.003,0.038,NA,NA,0.017,9.6
2008-08-05,0.005,0.11,NA,NA,0.008,15.6
2008-09-08,0.005,0.097,NA,NA,0.034,5.8
2008-10-07,0.003,0.016,NA,NA,0.0062,5.8
2008-11-04,0.004,0.145,NA,NA,0.0062,2.9
2008-12-03,0.002,0.026,NA,NA,0.096,5.4
2009-01-13,0.002,0.034,NA,NA,0.241,6.9
2009-02-10,0.002,0.0117,NA,NA,0.013,8
2009-03-10,0.002,0.0203333333333333,NA,NA,0.232666666666667,5.8
2009-04-15,0.018,0.049,NA,NA,0.193,2.4
2009-05-05,0.003,0.063,NA,NA,0.193,9.4
2009-06-09,0.004,0.11,NA,NA,0.117,6
2009-07-14,0.001,0.044,NA,NA,0.054,11.8
2009-08-04,0.001,0.0193,NA,NA,0.034,19.7
2009-09-08,0.00533333333333333,0.089,NA,NA,0.00866666666666667,7.63333333333333
2009-10-06,0.009,0.13,NA,NA,0.12,5.8
2009-11-03,0.002,0.026,NA,NA,0.041,6.9
2009-12-08,0.007,0.0193,NA,NA,0.858,2.7
2010-01-12,0.006,0.028,NA,NA,0.4,1.8
2010-02-02,0.007,0.05,NA,NA,0.369,4.7
2010-03-04,0.002,0.023,NA,NA,0.43,5.1
2010-04-06,0.006,0.052,NA,NA,0.227,4.5
2010-05-05,0.004,0.073,NA,NA,0.156,5.1
2010-06-08,0.002,0.0177,NA,NA,0.025,13.6
2010-07-13,0.002,0.0177,NA,NA,0.022,13.4
2010-08-04,0.002,0.044,NA,NA,0.034,11.6
2010-09-08,0.002,0.043,NA,NA,0.0021,11.6
2010-10-06,0.002,0.0202333333333333,NA,NA,0.068,4.53333333333333
2010-11-02,0.009,0.048,NA,NA,0.018,3.8
2010-12-14,0.002,0.05,NA,NA,0.246,6.5
2011-01-11,0.003,0.043,NA,NA,0.003,3.8
2011-02-09,0.00433333333333333,0.015,NA,NA,0.0866666666666667,8.56666666666667
2011-03-02,0.004,0.015,NA,NA,0.047,4.7
2011-04-06,0.003,0.042,NA,NA,0.245,9.4
2011-05-11,0.003,0.037,NA,NA,0.017,10.5
2011-06-07,0.003,0.022,NA,NA,0.01,12.3
2011-07-13,0.003,0.036,NA,NA,0.018,14.7
2011-08-03,0.003,0.066,NA,NA,0.03,14.5
2011-09-07,0.003,0.084,NA,NA,0.065,10
2011-10-05,0.003,0.062,NA,NA,0.003,6.2
2011-11-02,0.003,0.018,NA,NA,0.004,6
2011-12-13,0.003,0.032,NA,NA,0.007,3.4
2012-01-10,0.003,0.03,NA,NA,0.0024,4.02
2012-02-07,0.005,0.019,NA,NA,0.081,6.7
2012-03-05,0.003,0.041,NA,NA,0.51,8.04
2012-04-04,0.003,0.043,NA,NA,0.154,5.81
2012-05-09,0.003,0.0303333333333333,NA,NA,0.00666666666666667,9.01333333333333
2012-06-05,0.003,0.04,NA,NA,0.042,9.38
2012-07-03,0.00433333333333333,0.0763333333333333,NA,NA,0.058,6.48
2012-08-07,0.003,0.05,NA,NA,0.049,6.7
2012-09-05,0.003,0.026,NA,NA,0.007,8.71
2012-10-02,0.003,0.036,NA,NA,0.0123333333333333,13.1833333333333
2012-11-06,0.003,0.07,NA,NA,0.006,3.13
2012-11-26,0.003,0.041,NA,NA,0.004,2.46
2013-01-08,0.003,0.013,NA,NA,0.004,2.23
2013-02-05,0.008,0.014,NA,NA,0.002,4.02
2013-03-04,0.0126666666666667,0.0666666666666667,NA,NA,0.236,2.15666666666667
2013-04-02,0.003,0.063,NA,NA,0.276,10.5
2013-05-08,0.003,0.065,NA,NA,0.1,5.59
2013-06-03,0.003,0.0536666666666667,NA,NA,0.002,5.81
2013-07-09,0.004,0.065,NA,NA,0.036,6.8
2013-08-12,0.004,0.019,NA,NA,0.019,11
2013-09-04,0.006,0.1,NA,NA,0.15,4.4
2013-10-08,0.005,0.033,NA,NA,0.069,7.4
2013-10-29,0.004,0.012,NA,NA,0.009,2.7
2013-12-03,0.005,0.01,NA,NA,0.15,5.9
